$ 0 0.000005 10.20027730826997 50 5 50 5e-11
x 340 -525 390 -522 4 24 NOT
x 655 -526 705 -523 4 24 AND
t 288 -416 336 -416 1 1 0 0 100 default
t 640 -432 688 -432 0 1 0 0 100 default
t 640 -400 688 -400 0 1 0 0 100 default
r 240 -416 288 -416 0 10000
r 592 -432 640 -432 0 10000
r 592 -400 640 -400 0 10000
w 688 -448 688 -464 0
w 688 -464 672 -464 0
w 688 -384 688 -368 0
w 688 -368 704 -368 0
r 688 -368 624 -368 0 1000
w 624 -368 608 -368 0
w 336 -432 336 -448 0
w 336 -448 256 -448 0
w 336 -400 336 -384 0
r 336 -384 288 -384 0 1000
w 336 -384 368 -384 0
w 288 -384 256 -384 0
x 252 -464 292 -461 4 24 gnd
x 250 -359 286 -356 4 24 vcc
x 343 -358 376 -355 4 24 out
x 580 -344 620 -341 4 24 gnd
x 692 -346 725 -343 4 24 out
x 631 -475 667 -472 4 24 vcc
x 215 1146 248 1149 4 24 out
x 122 1145 158 1148 4 24 vcc
x 124 1040 164 1043 4 24 gnd
w 160 1120 48 1120 0
w 208 1120 368 1120 0
r 208 1120 160 1120 0 1000
w 208 1104 208 1120 0
w 208 1056 96 1056 0
w 208 1072 208 1056 0
r 112 1088 160 1088 0 10000
t 160 1088 208 1088 1 1 -4.561666569114868 0.24609326746545085 100 default
x 212 979 262 982 4 24 NOT
x 215 1370 248 1373 4 24 out
x 122 1369 158 1372 4 24 vcc
x 124 1264 164 1267 4 24 gnd
w 160 1344 48 1344 0
w 208 1344 384 1344 0
r 208 1344 160 1344 0 1000
w 208 1328 208 1344 0
w 208 1280 96 1280 0
w 208 1296 208 1280 0
r 112 1312 160 1312 0 10000
t 160 1312 208 1312 1 1 -4.2757625775775425 0.1784084548264068 100 default
x 212 1203 262 1206 4 24 NOT
x 967 -43 1003 -40 4 24 vcc
x 1047 90 1076 93 4 24 B0
x 916 88 956 91 4 24 gnd
w 960 64 864 64 0
r 1024 64 960 64 0 1000
w 1024 64 1072 64 0
w 1024 48 1024 64 0
w 1024 -32 880 -32 0
w 1024 -16 1024 -32 0
r 928 32 976 32 0 10000
r 928 0 976 0 0 10000
t 976 32 1024 32 0 1 0.29910447804404416 0.6722819316077824 100 default
t 976 0 1024 0 0 1 -2.11462813992927 0.6720245382561076 100 default
x 991 -94 1041 -91 4 24 AND
x 991 178 1041 181 4 24 AND
t 976 272 1024 272 0 1 -0.1922401711785815 0.18035437838072976 100 default
t 976 304 1024 304 0 1 -4.448996993881899 0.1784083519437421 100 default
r 928 272 976 272 0 10000
r 928 304 976 304 0 10000
w 1024 256 1024 240 0
w 1024 240 880 240 0
w 1024 320 1024 336 0
w 1024 336 1072 336 0
r 1024 336 960 336 0 1000
w 960 336 864 336 0
x 916 360 956 363 4 24 gnd
x 1048 360 1077 363 4 24 B1
x 967 229 1003 232 4 24 vcc
x 991 466 1041 469 4 24 AND
t 976 560 1024 560 0 1 -4.753906595022935 -0.12348831354557271 100 default
t 976 592 1024 592 0 1 0.5680199487392615 0.5859482007549699 100 default
r 928 560 976 560 0 10000
r 928 592 976 592 0 10000
w 1024 544 1024 528 0
w 1024 528 880 528 0
w 1024 608 1024 624 0
w 1024 624 1072 624 0
r 1024 624 960 624 0 1000
w 960 624 864 624 0
x 916 648 956 651 4 24 gnd
x 1048 647 1077 650 4 24 B2
x 967 517 1003 520 4 24 vcc
x 991 722 1041 725 4 24 AND
t 976 816 1024 816 0 1 -4.753906603195311 0.17335502708578987 100 default
t 976 848 1024 848 0 1 0.10566998182498456 0.1784082574306849 100 default
r 928 816 976 816 0 10000
r 928 848 976 848 0 10000
w 1024 800 1024 784 0
w 1024 784 880 784 0
w 1024 864 1024 880 0
w 1024 880 1072 880 0
r 1024 880 960 880 0 1000
w 960 880 864 880 0
x 916 904 956 907 4 24 gnd
x 1047 900 1076 903 4 24 B3
x 967 773 1003 776 4 24 vcc
s -208 1088 -144 1088 0 1 false
s -208 1136 -144 1136 0 1 false
w -144 1088 -64 1088 0
w -64 1088 112 1088 0
w -64 1088 -64 1008 0
w -64 1008 448 1008 0
w -144 1136 -64 1136 0
w -64 1136 -64 1248 0
w -64 1312 112 1312 0
w 416 1248 -64 1248 0
w -64 1248 -64 1312 0
w 928 0 352 0 0
w 352 0 368 1120 0
x -191 1075 -162 1078 4 24 S1
x -190 1124 -161 1127 4 24 S0
w 384 1344 368 32 0
w 368 32 928 32 0
w 368 1120 400 1120 0
w 928 272 400 272 0
w 400 272 400 1120 0
w 416 1248 416 304 0
w 416 304 928 304 0
w 928 560 448 560 0
w 448 560 448 1008 0
w 464 592 464 1344 0
w 384 1344 464 1344 0
w 464 592 928 592 0
w 928 816 496 816 0
w 928 848 512 848 0
w 496 816 496 1008 0
w 448 1008 496 1008 0
w 512 848 512 1248 0
w 416 1248 512 1248 0
162 1072 64 1136 64 2 default-led 1 0 0 0.01
162 1072 336 1136 336 2 default-led 1 0 0 0.01
162 1072 624 1136 624 2 default-led 1 0 0 0.01
162 1072 880 1136 880 2 default-led 1 0 0 0.01
w 1136 64 1136 336 0
w 1136 336 1136 624 0
w 1136 624 1136 880 0
w 1136 880 1136 992 0
w 96 1280 96 1056 0
w 96 1056 -320 1056 0
v -320 992 -320 784 0 0 40 5 0 0 0.5
w -320 784 -208 784 0
w -208 784 -208 1088 0
w -208 1088 -208 1136 0
w 880 -32 880 240 0
w 880 528 880 784 0
w 880 240 880 528 0
w 880 -32 -320 -32 0
w -320 784 -320 -32 0
w 864 64 864 336 0
w 864 336 864 624 0
w 864 624 864 880 0
w 864 992 -320 992 0
w -320 992 -320 1056 0
w 864 880 864 992 0
w 1136 992 864 992 0
w 48 1344 48 1120 0
w -208 784 48 784 0
w 48 784 48 1120 0
