$ 0 0.000005 10.20027730826997 50 5 50 5e-11
s 320 208 368 208 0 1 false
s 384 208 432 208 0 1 false
s 448 208 496 208 0 1 false
s 512 208 560 208 0 1 false
w 320 208 384 208 0
w 384 208 448 208 0
w 448 208 512 208 0
w 368 208 368 784 0
w 432 208 432 608 0
w 496 208 496 432 0
w 560 208 560 288 0
w 320 208 288 208 0
x 341 173 357 176 4 24 A
x 406 172 422 175 4 24 B
x 466 173 483 176 4 24 C
x 525 174 542 177 4 24 D
t 416 -272 448 -272 1 1 0 0 100 default
w 448 -288 448 -304 0
w 448 -304 368 -304 0
w 448 -256 448 -240 0
w 448 -240 480 -240 0
r 448 -240 400 -240 0 1000
r 416 -272 368 -272 0 10000
w 400 -240 384 -240 0
x 420 -340 470 -337 4 24 NOT
t 656 -304 688 -304 0 1 0 0 100 default
t 656 -208 688 -208 0 1 0 0 100 default
r 656 -304 608 -304 0 10000
r 656 -208 608 -208 0 10000
w 688 -192 688 -176 0
r 688 -176 640 -176 0 1000
w 640 -176 624 -176 0
w 688 -176 720 -176 0
w 688 -320 688 -336 0
w 688 -336 656 -336 0
x 688 -361 738 -358 4 24 AND
r 656 -272 608 -272 0 10000
t 656 -272 688 -272 0 1 0 0 100 default
r 656 -240 608 -240 0 10000
t 656 -240 688 -240 0 1 0 0 100 default
x 933 -334 969 -331 4 24 OR
t 928 -240 960 -240 0 1 0 0 100 default
t 928 -288 960 -288 0 1 0 0 100 default
r 928 -288 880 -288 0 10000
r 928 -240 880 -240 0 10000
w 960 -304 960 -320 0
w 960 -320 928 -320 0
w 960 -224 960 -208 0
w 960 -304 960 -256 0
w 960 -272 960 -224 0
r 960 -208 912 -208 0 1000
w 960 -208 992 -208 0
w 752 384 672 384 0
r 768 352 720 352 0 10000
r 800 384 752 384 0 1000
w 800 384 960 384 0
w 800 368 800 384 0
w 800 320 720 320 0
w 800 336 800 320 0
t 768 352 800 352 1 1 -4.762476936097431 0.23752208069084665 100 default
w 752 528 672 528 0
r 768 496 720 496 0 10000
r 800 528 752 528 0 1000
w 800 528 944 528 0
w 800 512 800 528 0
w 800 464 720 464 0
w 800 480 800 464 0
t 768 496 800 496 1 1 -4.447044973903518 0.2363442615259314 100 default
w 752 704 672 704 0
r 768 672 720 672 0 10000
r 800 704 752 704 0 1000
w 800 704 976 704 0
w 800 688 800 704 0
w 800 640 720 640 0
w 800 656 800 640 0
t 768 672 800 672 1 1 -4.156998899932623 0.2346004817901796 100 default
x 777 271 827 274 4 24 NOT
w 752 880 672 880 0
r 768 848 720 848 0 10000
r 800 880 752 880 0 1000
w 800 880 880 880 0
w 800 864 800 880 0
w 800 816 720 816 0
w 800 832 800 816 0
t 768 848 800 848 1 1 -3.9076054877716957 0.21456733175132794 100 default
w 720 352 560 352 0
w 720 496 496 496 0
w 720 672 432 672 0
w 720 848 368 848 0
w 560 288 560 352 0
w 560 288 832 288 0
w 976 432 496 432 0
w 928 608 432 608 0
w 848 784 368 784 0
w 368 784 368 848 0
w 432 608 432 672 0
w 496 432 496 496 0
t 1120 384 1152 384 0 1 0.5627032919240803 0.5921988756755601 100 default
r 1120 384 1072 384 0 10000
t 1120 352 1152 352 0 1 0.565304488273639 0.5832327402857777 100 default
r 1120 352 1072 352 0 10000
w 1152 288 1056 288 0
w 1152 304 1152 288 0
w 1152 448 1328 448 0
w 1104 448 1072 448 0
r 1152 448 1104 448 0 1000
w 1152 432 1152 448 0
r 1120 416 1072 416 0 10000
r 1120 320 1072 320 0 10000
t 1120 416 1152 416 0 1 0.5601777555109948 0.598385522781781 100 default
t 1120 320 1152 320 0 1 -4.762477821896704 -0.7144643119785128 100 default
t 1120 592 1152 592 0 1 0.5630693897496053 0.580997641786866 100 default
r 1120 592 1072 592 0 10000
t 1120 560 1152 560 0 1 -4.647638711287594 -0.4187681242597674 100 default
r 1120 560 1072 560 0 10000
w 1152 496 1056 496 0
w 1152 512 1152 496 0
w 1152 656 1456 656 0
w 1104 656 1072 656 0
r 1152 656 1104 656 0 1000
w 1152 640 1152 656 0
r 1120 624 1072 624 0 10000
r 1120 528 1072 528 0 10000
t 1120 624 1152 624 0 1 0.5652556006419626 0.59312515265528 100 default
t 1120 528 1152 528 0 1 -9.841004384725238e-7 0.11601594802951709 100 default
t 1120 800 1152 800 0 1 -4.33459518718048 -0.10501212633541473 100 default
r 1120 800 1072 800 0 10000
t 1120 768 1152 768 0 1 -0.2008616354329087 0.11419347990657869 100 default
r 1120 768 1072 768 0 10000
w 1152 704 1056 704 0
w 1152 720 1152 704 0
w 1152 864 1408 864 0
w 1104 864 1072 864 0
r 1152 864 1104 864 0 1000
w 1152 848 1152 864 0
r 1120 832 1072 832 0 10000
r 1120 736 1072 736 0 10000
t 1120 832 1152 832 0 1 0.5657157642778499 0.5836440162948228 100 default
t 1120 736 1152 736 0 1 -9.840912724712325e-7 0.11574814286601764 100 default
x 1088 268 1138 271 4 24 AND
w 1072 832 1024 832 0
w 928 832 928 880 0
w 1072 800 928 800 0
w 928 608 928 800 0
w 944 528 944 768 0
w 1072 768 944 768 0
w 960 384 960 736 0
w 1072 736 960 736 0
x 1165 906 1245 909 4 24 A'BC'D'
w 880 880 928 880 0
w 880 880 880 592 0
w 880 592 1072 592 0
w 976 704 976 624 0
w 976 624 1072 624 0
w 976 432 976 560 0
w 976 560 1072 560 0
w 960 384 992 384 0
w 992 384 992 528 0
w 992 528 1072 528 0
x 1172 687 1252 690 4 24 A'B'CD'
w 832 288 832 320 0
w 832 320 1072 320 0
w 944 528 944 352 0
w 944 352 1072 352 0
w 976 704 1008 704 0
w 1008 704 1008 384 0
w 1008 384 1072 384 0
w 1024 832 928 832 0
w 1024 832 1024 416 0
w 1024 416 1072 416 0
x 1171 476 1251 479 4 24 A'B'C'D
w 1536 528 1568 528 0
r 1536 528 1488 528 0 1000
w 1536 464 1536 512 0
w 1536 432 1536 480 0
w 1536 512 1536 528 0
w 1536 416 1424 416 0
w 1536 432 1536 416 0
r 1504 496 1456 496 0 10000
r 1504 448 1456 448 0 10000
t 1504 448 1536 448 0 1 -4.161056559066422 0.5620889452713889 100 default
t 1504 496 1536 496 0 1 -4.678315507426732 0.044829996911077696 100 default
w 1536 688 1568 688 0
r 1536 688 1488 688 0 1000
w 1536 624 1536 672 0
w 1536 592 1536 640 0
w 1536 672 1536 688 0
w 1536 576 1424 576 0
w 1536 592 1536 576 0
r 1504 656 1456 656 0 10000
r 1504 608 1456 608 0 10000
t 1504 608 1536 608 0 1 -4.161053355260437 0.5620859220395366 100 default
t 1504 656 1536 656 0 1 -4.3906890987359395 0.3324501785640336 100 default
x 1494 267 1530 270 4 24 OR
x 1562 557 1575 560 4 24 L
x 1559 718 1578 721 4 24 M
w 1328 448 1328 608 0
w 1456 608 1328 608 0
w 1408 864 1408 496 0
w 1456 496 1408 496 0
w 1328 448 1456 448 0
w 672 384 672 528 0
w 672 528 672 704 0
w 672 704 672 880 0
w 1056 704 1056 496 0
w 1056 496 1056 288 0
w 1056 288 1056 240 0
w 720 816 720 640 0
w 720 640 720 464 0
w 720 464 720 320 0
w 720 816 720 928 0
w 1072 448 1072 656 0
w 1072 656 1072 864 0
w 1072 864 1072 928 0
w 1488 528 1440 528 0
w 1488 688 1440 688 0
w 1440 528 1440 688 0
w 1440 688 1440 928 0
w 1424 576 1424 416 0
w 1424 416 1424 240 0
w 672 384 672 240 0
162 1568 528 1632 528 2 default-led 1 0 0 0.01
162 1568 688 1632 688 2 default-led 1 0 0 0.01
w 1632 528 1632 688 0
w 1632 688 1632 928 0
w 1168 928 1440 928 0
w 1440 928 1632 928 0
w 1168 928 1072 928 0
w 1072 928 720 928 0
w 720 928 160 928 0
w 672 240 1056 240 0
w 1056 240 1424 240 0
w 672 240 160 240 0
v 160 624 160 528 0 0 40 5 0 0 0.5
w 160 928 160 624 0
w 160 528 160 240 0
w 160 208 288 208 0
w 160 240 160 208 0
