$ 0 1.25e-9 1.1208435524800693 46 5 50 5e-11
w 320 32 384 32 0
r 384 32 432 32 0 1000
w 432 -32 320 -32 0
w 432 -32 432 -16 0
t 400 0 432 0 1 1 0 0 100 default
w 432 16 432 32 0
w 432 32 464 32 0
r 352 0 400 0 0 10000
x 380 -73 430 -70 4 24 NOT
w 848 0 880 0 0
w 848 32 880 32 0
r 880 0 928 0 0 10000
r 880 32 928 32 0 10000
t 928 0 960 0 0 1 0 0 100 default
t 928 32 976 32 0 1 0 0 100 default
w 960 16 976 48 0
w 960 -16 960 -32 0
w 976 16 976 -32 0
w 976 -32 960 -32 0
w 960 -32 848 -32 0
w 976 48 1008 48 0
x 879 -73 915 -70 4 24 OR
r 624 64 704 64 0 5600
x 611 -77 661 -74 4 24 AND
w 704 -32 592 -32 0
w 704 -16 704 -32 0
t 672 32 704 32 0 1 0 0 10 default
t 672 0 704 0 0 1 0 0 100 default
r 624 32 672 32 0 10000
r 624 0 672 0 0 10000
w 592 32 624 32 0
w 592 0 624 0 0
w 704 48 736 48 0
x 707 44 740 47 4 24 out
x 588 -41 624 -38 4 24 vcc
x 590 88 630 91 4 24 gnd
x 848 -37 884 -34 4 24 vcc
x 979 42 1012 45 4 24 out
x 852 85 892 88 4 24 gnd
r 976 64 912 64 0 5600
x 323 -40 363 -37 4 24 gnd
x 321 52 357 55 4 24 vcc
x 440 24 473 27 4 24 out
w 1536 96 1536 208 0
w 1536 320 1536 240 0
w 1536 208 1584 208 0
w 1536 240 1584 240 0
r 1584 208 1632 208 0 10000
r 1584 240 1632 240 0 10000
t 1632 208 1664 208 0 1 0 0 100 default
t 1632 240 1680 240 0 1 0 0 100 default
w 1664 224 1680 256 0
w 1664 192 1664 176 0
w 1680 224 1680 176 0
w 1680 176 1664 176 0
w 1664 176 1552 176 0
w 1680 256 1712 256 0
x 1730 249 1763 252 4 24 out
r 1680 256 1552 256 0 5600
w 1328 272 1328 80 0
w 1376 80 1376 336 0
r 1504 400 1504 320 0 5600
w 1504 240 1472 240 0
w 1504 256 1504 240 0
t 1472 304 1504 304 0 1 0 0 10 default
t 1472 272 1504 272 0 1 0 0 100 default
r 1424 304 1472 304 0 10000
r 1424 272 1472 272 0 10000
w 1376 304 1424 304 0
w 1328 272 1424 272 0
w 1504 320 1536 320 0
r 1504 176 1504 96 0 5600
w 1504 16 1472 16 0
w 1504 32 1504 16 0
t 1472 80 1504 80 0 1 0 0 10 default
t 1472 48 1504 48 0 1 0 0 100 default
r 1424 80 1472 80 0 10000
r 1424 48 1472 48 0 10000
w 1376 80 1424 80 0
w 1376 48 1424 48 0
w 1504 96 1536 96 0
r 1216 272 1264 272 0 10000
w 1296 304 1376 304 0
w 1296 288 1296 304 0
t 1264 272 1296 272 1 1 0 0 100 default
w 1296 240 1296 256 0
w 1296 240 1264 240 0
r 1248 304 1296 304 0 1000
w 1200 304 1248 304 0
w 1200 48 1248 48 0
r 1248 48 1296 48 0 1000
w 1296 -16 1264 -16 0
w 1296 -16 1296 0 0
t 1264 16 1296 16 1 1 0 0 100 default
w 1296 32 1296 48 0
w 1296 48 1376 48 0
r 1216 16 1264 16 0 10000
w 1168 16 1216 16 0
w 1168 16 1168 80 0
w 1168 80 1328 80 0
w 1216 272 1168 272 0
w 1168 176 1168 272 0
w 1168 272 1168 336 0
w 1168 336 1376 336 0
w 1168 80 1168 144 0
w 1168 144 1120 144 0
w 1168 176 1120 176 0
w 1472 240 1472 16 0
w 1472 16 1472 -32 0
w 1552 176 1552 -32 0
w 1200 304 1200 48 0
w 1200 48 1200 -32 0
w 1552 -32 1472 -32 0
w 1472 -32 1200 -32 0
w 1264 240 1264 -16 0
w 1264 240 1264 400 0
w 1504 176 1520 176 0
w 1520 176 1520 400 0
w 1520 400 1504 400 0
w 1504 400 1264 400 0
w 1552 256 1552 400 0
w 1552 400 1520 400 0
w 1264 240 1120 240 0
w 1712 256 1760 256 0
x 1115 262 1155 265 4 24 gnd
x 1113 40 1149 43 4 24 vcc
x 1363 -66 1415 -63 4 24 XOR
w 352 0 320 0 0
w 704 48 704 64 0
w 624 64 592 64 0
w 976 48 976 64 0
w 912 64 848 64 0
w 1200 48 1120 48 0
s 80 832 160 832 0 1 false
s 80 768 160 768 0 1 false
x 43 756 59 759 4 24 A
x 45 804 61 807 4 24 B
v -16 880 -16 816 0 0 40 5.5 0 0 0.5
w -16 768 -16 528 0
w 352 672 272 672 0
x 515 558 567 561 4 24 XOR
x 265 664 301 667 4 24 vcc
x 267 886 307 889 4 24 gnd
w 864 880 912 880 0
w 416 864 272 864 0
w 704 1024 672 1024 0
w 704 880 704 1024 0
w 656 1024 416 1024 0
w 672 1024 656 1024 0
w 672 800 672 1024 0
w 656 800 672 800 0
w 416 864 416 1024 0
w 416 864 416 608 0
w 624 592 352 592 0
w 704 592 624 592 0
w 352 672 352 592 0
w 352 928 352 672 0
w 704 800 704 592 0
w 624 640 624 592 0
w 624 864 624 640 0
w 320 800 192 800 0
w 320 768 176 768 0
w 320 704 320 768 0
w 320 960 528 960 0
w 320 896 320 960 0
w 320 800 320 896 0
w 368 896 320 896 0
w 320 704 480 704 0
w 320 640 320 704 0
w 320 640 368 640 0
r 368 640 416 640 0 10000
w 448 672 528 672 0
w 448 656 448 672 0
t 416 640 448 640 1 1 -5.344591946025237 0.15540800084622156 100 default
w 448 608 448 624 0
w 448 608 416 608 0
r 400 672 448 672 0 1000
w 352 672 400 672 0
w 352 928 400 928 0
r 400 928 448 928 0 1000
w 448 864 416 864 0
w 448 864 448 880 0
t 416 896 448 896 1 1 -4.998365526231678 0.18754337668431528 100 default
w 448 912 448 928 0
w 448 928 528 928 0
r 368 896 416 896 0 10000
w 656 720 688 720 0
w 528 672 576 672 0
w 528 704 576 704 0
r 576 672 624 672 0 10000
r 576 704 624 704 0 10000
t 624 672 656 672 0 1 -6.812460284777444e-8 0.18913427936232008 100 default
t 624 704 656 704 0 1 -5.123322401490943 0.187542471065705 10 default
w 656 656 656 640 0
w 656 640 624 640 0
r 656 800 656 720 0 4700
w 656 944 688 944 0
w 480 896 576 896 0
w 528 928 576 928 0
r 576 896 624 896 0 10000
r 576 928 624 928 0 10000
t 624 896 656 896 0 1 -5.344591994936933 -1.3286971023539764 100 default
t 624 928 656 928 0 1 0.5608943368116015 0.5788225888563883 10 default
w 656 880 656 864 0
w 656 864 624 864 0
r 656 1024 656 944 0 4700
w 528 704 528 960 0
w 480 896 480 704 0
r 832 880 704 880 0 4700
w 832 880 864 880 0
w 816 800 704 800 0
w 832 800 816 800 0
w 832 848 832 800 0
w 816 816 816 800 0
w 816 848 832 880 0
t 784 864 832 864 0 1 -4.055207419135023 0.5556665503211643 100 default
t 784 832 816 832 0 1 -5.499999163944667 -0.8891251944884786 100 default
r 736 864 784 864 0 10000
r 736 832 784 832 0 10000
w 688 864 736 864 0
w 688 832 736 832 0
w 688 944 688 864 0
w 688 720 688 832 0
w 992 784 912 784 0
x 1155 670 1207 673 4 24 XOR
x 905 776 941 779 4 24 vcc
x 907 998 947 1001 4 24 gnd
w 1056 976 912 976 0
w 1344 1136 1312 1136 0
w 1344 992 1344 1136 0
w 1296 1136 1056 1136 0
w 1312 1136 1296 1136 0
w 1312 912 1312 1136 0
w 1296 912 1312 912 0
w 1056 976 1056 1136 0
w 1056 976 1056 720 0
w 1264 704 992 704 0
w 1344 704 1264 704 0
w 992 784 992 704 0
w 992 1040 992 784 0
w 1344 912 1344 704 0
w 1264 752 1264 704 0
w 1264 976 1264 752 0
w 960 912 720 912 0
w 960 880 912 880 0
w 960 816 960 880 0
w 960 1072 1168 1072 0
w 960 1008 960 1072 0
w 960 912 960 1008 0
w 1008 1008 960 1008 0
w 960 816 1120 816 0
w 960 752 960 816 0
w 960 752 1008 752 0
r 1008 752 1056 752 0 10000
w 1088 784 1168 784 0
w 1088 768 1088 784 0
t 1056 752 1088 752 1 1 -2.1983464383836058 0.6210674417612729 100 default
w 1088 720 1088 736 0
w 1088 720 1056 720 0
r 1040 784 1088 784 0 1000
w 992 784 1040 784 0
w 992 1040 1040 1040 0
r 1040 1040 1088 1040 0 4700
w 1088 976 1056 976 0
w 1088 976 1088 992 0
t 1056 1008 1088 1008 1 1 -4.1023477568454005 0.15201486909338588 100 default
w 1088 1024 1088 1040 0
w 1088 1040 1168 1040 0
r 1008 1008 1056 1008 0 10000
w 1296 832 1328 832 0
w 1168 784 1216 784 0
w 1168 816 1216 816 0
r 1216 784 1264 784 0 10000
r 1216 816 1264 816 0 10000
t 1264 784 1296 784 0 1 -2.680586095829607 0.15347174605318425 100 default
t 1264 816 1296 816 0 1 -2.5139273370687416 0.15201469272468537 10 default
w 1296 768 1296 752 0
w 1296 752 1264 752 0
r 1296 912 1296 832 0 2700
w 1296 1056 1328 1056 0
w 1120 1008 1216 1008 0
w 1168 1040 1216 1040 0
r 1216 1008 1264 1008 0 10000
r 1216 1040 1264 1040 0 10000
t 1264 1008 1296 1008 0 1 -4.610873922321616 -0.15844334726768217 100 default
t 1264 1040 1296 1040 0 1 0.5565013571470288 0.5744296092584567 10 default
w 1296 992 1296 976 0
w 1296 976 1264 976 0
r 1296 1136 1296 1056 0 3900
w 1168 816 1168 1072 0
w 1120 1008 1120 816 0
r 1472 992 1344 992 0 4700
w 1472 992 1552 992 0
w 1456 912 1344 912 0
w 1472 912 1456 912 0
w 1472 960 1472 912 0
w 1456 928 1456 912 0
w 1456 960 1472 992 0
t 1424 976 1472 976 0 1 -4.480545144138648 0.5364848614218778 100 default
t 1424 944 1456 944 0 1 -5.499999815617923 -0.48296981005739725 100 default
r 1376 976 1424 976 0 10000
r 1376 944 1424 944 0 10000
w 1328 976 1376 976 0
w 1328 944 1376 944 0
w 1328 1056 1328 976 0
w 1328 832 1328 944 0
x 878 870 922 873 4 24 AxB
w 720 912 720 1040 0
w 720 1040 400 1040 0
s 80 800 160 800 0 1 false
x 40 862 62 865 4 24 Ci
w 256 832 256 1040 0
x 1509 968 1631 971 4 24 AxBxCi\s\q\sE
w 912 976 912 1056 0
w 272 864 272 1056 0
w 912 1056 400 1056 0
w 272 1056 -16 1056 0
w -16 880 -16 1056 0
w 912 784 912 528 0
w 912 528 272 528 0
w 272 672 272 528 0
w 272 528 224 528 0
w 0 528 -16 528 0
w 160 832 256 832 0
w 80 800 80 832 0
w 80 768 80 800 0
w 80 768 -16 768 0
w -16 816 -16 768 0
w 240 1184 -16 1184 0
w 320 1168 320 1184 0
w 320 1168 352 1168 0
w 192 1120 240 1120 0
w 176 1152 240 1152 0
r 240 1120 288 1120 0 10000
r 240 1152 288 1152 0 10000
t 288 1120 320 1120 0 1 -5.312456608298908 0.13976367856431168 100 default
t 288 1152 320 1152 0 1 0.10762813237676297 0.15540767394860505 10 default
w 320 1104 320 1088 0
w 320 1088 224 1088 0
r 240 1184 320 1184 0 3900
w 176 768 160 768 0
w 192 800 160 800 0
w 192 800 192 1120 0
w 176 768 176 1152 0
w 864 880 864 1072 0
w 464 1184 464 1200 0
w 544 1168 544 1184 0
w 544 1168 576 1168 0
w 416 1120 464 1120 0
w 400 1152 464 1152 0
r 464 1120 512 1120 0 10000
r 464 1152 512 1152 0 10000
t 512 1120 544 1120 0 1 -4.610873925555273 0.14922102228493672 100 default
t 512 1152 544 1152 0 1 -0.5878902503715995 0.15201462396630547 10 default
w 544 1104 544 1088 0
w 544 1088 320 1088 0
r 464 1184 544 1184 0 3900
w 400 1056 272 1056 0
x 327 1160 359 1163 4 24 AB
x 557 1150 639 1153 4 24 (AxB)Ci
w 864 1072 416 1072 0
w 416 1072 416 1120 0
w 400 1040 400 1152 0
w 464 1200 240 1200 0
w 240 1200 240 1184 0
w 736 1184 736 1200 0
w 800 1168 800 1184 0
r 800 1184 736 1184 0 4700
x 703 1047 739 1050 4 24 OR
w 800 1168 896 1168 0
w 784 1088 544 1088 0
w 800 1088 784 1088 0
w 800 1136 800 1088 0
w 784 1104 784 1088 0
w 784 1136 800 1168 0
t 752 1152 800 1152 0 1 -5.499999766178116 1.3447854495821818e-7 100 default
t 752 1120 784 1120 0 1 -5.499999772435064 1.282215973695718e-7 100 default
r 704 1152 752 1152 0 10000
r 704 1120 752 1120 0 10000
w 704 1168 704 1152 0
w 352 1120 704 1120 0
w 736 1200 464 1200 0
w 352 1168 352 1120 0
w 704 1168 576 1168 0
x 841 1163 1027 1166 4 24 AB\p(AxB)Ci\s\q\sCo
w -16 1056 -16 1184 0
w 224 1088 224 528 0
w 224 528 0 528 0
w 400 1040 256 1040 0
t 1904 1216 1984 1216 0 1 -3.8809959178256896 0.48174299491231226 100 default
r 1904 1216 1856 1216 0 10000
w 1552 992 1856 992 0
w 736 1200 1216 1200 0
w 416 1792 272 1792 0
w 240 1280 0 1280 0
w 240 1840 240 1280 0
x 1496 1884 1682 1887 4 24 AB\p(AxB)Ci\s\q\sCo
w 720 1920 592 1920 0
w 368 1920 368 1872 0
w 752 1952 480 1952 0
w 368 1872 720 1872 0
w 720 1920 720 1904 0
r 720 1872 768 1872 0 10000
r 720 1904 768 1904 0 10000
t 768 1872 800 1872 0 1 -5.499999772435071 1.486562403178639e-7 100 default
t 768 1904 816 1904 0 1 -5.4999999089219305 1.2169381369597956e-8 100 default
w 800 1888 816 1920 0
w 800 1856 800 1840 0
w 816 1888 816 1840 0
w 816 1840 800 1840 0
w 800 1840 560 1840 0
w 816 1920 1856 1920 0
x 719 1799 755 1802 4 24 OR
r 816 1936 752 1936 0 4700
w 816 1920 816 1936 0
w 752 1936 752 1952 0
w 256 1952 256 1936 0
w 480 1952 256 1952 0
w 416 1792 416 1904 0
w 432 1824 432 1872 0
w 880 1824 432 1824 0
x 573 1902 655 1905 4 24 (AxB)Ci
x 343 1912 375 1915 4 24 AB
w 416 1808 288 1808 0
r 480 1936 560 1936 0 4700
w 560 1840 336 1840 0
w 560 1856 560 1840 0
t 528 1904 560 1904 0 1 -1.7634188499045707 8.289945622412848e-8 10 default
t 528 1872 560 1872 0 1 -4.610873922172845 -0.8742928900549426 100 default
r 480 1904 528 1904 0 10000
r 480 1872 528 1872 0 10000
w 416 1904 480 1904 0
w 432 1872 480 1872 0
w 560 1920 592 1920 0
w 560 1920 560 1936 0
w 480 1936 480 1952 0
w 880 1632 880 1824 0
w 192 1520 192 1904 0
w 208 1552 208 1872 0
w 208 1552 176 1552 0
w 192 1520 176 1520 0
r 256 1936 336 1936 0 3900
w 336 1840 240 1840 0
w 336 1856 336 1840 0
t 304 1904 336 1904 0 1 0.10762812969582239 0.1554076724592828 10 default
t 304 1872 336 1872 0 1 -5.31245660826877 0.13976367740283918 100 default
r 256 1904 304 1904 0 15000
r 256 1872 304 1872 0 10000
w 192 1904 256 1904 0
w 208 1872 256 1872 0
w 336 1920 368 1920 0
w 336 1920 336 1936 0
w 256 1936 -16 1936 0
w 96 1520 0 1520 0
w 96 1520 96 1552 0
w 176 1584 272 1584 0
w 288 1280 240 1280 0
w 288 1424 288 1280 0
w 928 1280 288 1280 0
w 928 1536 928 1280 0
w 288 1808 -16 1808 0
w 928 1808 416 1808 0
w 288 1616 288 1808 0
w 928 1728 928 1808 0
x 1525 1720 1647 1723 4 24 AxBxCi\s\q\sE
w 272 1584 272 1792 0
s 96 1552 176 1552 0 1 false
w 736 1792 416 1792 0
w 736 1664 736 1792 0
x 894 1622 938 1625 4 24 AxB
w 1344 1584 1344 1696 0
w 1344 1808 1344 1728 0
w 1344 1696 1392 1696 0
w 1344 1728 1392 1728 0
r 1392 1696 1440 1696 0 10000
r 1392 1728 1440 1728 0 10000
t 1440 1696 1472 1696 0 1 -5.49999987475715 -0.42512666143590927 100 default
t 1440 1728 1488 1728 0 1 -4.541714814021284 0.5331583992999567 100 default
w 1472 1712 1488 1744 0
w 1472 1680 1472 1664 0
w 1488 1712 1488 1664 0
w 1488 1664 1472 1664 0
w 1472 1664 1360 1664 0
w 1488 1744 1568 1744 0
r 1488 1744 1360 1744 0 4700
w 1136 1760 1136 1568 0
w 1184 1568 1184 1824 0
r 1312 1888 1312 1808 0 2700
w 1312 1728 1280 1728 0
w 1312 1744 1312 1728 0
t 1280 1792 1312 1792 0 1 0.564360550226987 0.5822888022665793 10 default
t 1280 1760 1312 1760 0 1 -4.6108739222509145 -0.09604436637459224 100 default
r 1232 1792 1280 1792 0 10000
r 1232 1760 1280 1760 0 10000
w 1184 1792 1232 1792 0
w 1136 1760 1232 1760 0
w 1312 1808 1344 1808 0
r 1312 1664 1312 1584 0 8200
w 1312 1504 1280 1504 0
w 1312 1520 1312 1504 0
t 1280 1568 1312 1568 0 1 -2.732594616578375 7.264191869255749e-8 10 default
t 1280 1536 1312 1536 0 1 -2.6805860926894907 0.08681914889987707 100 default
r 1232 1568 1280 1568 0 15000
r 1232 1536 1280 1536 0 10000
w 1184 1568 1232 1568 0
w 1184 1536 1232 1536 0
w 1312 1584 1344 1584 0
r 1024 1760 1072 1760 0 10000
w 1104 1792 1184 1792 0
w 1104 1776 1104 1792 0
t 1072 1760 1104 1760 1 1 -5.140866292751029 1.517520012314768e-7 100 default
w 1104 1728 1104 1744 0
w 1104 1728 1072 1728 0
r 1056 1792 1104 1792 0 1000
w 1008 1792 1056 1792 0
w 1008 1536 1056 1536 0
r 1056 1536 1104 1536 0 1000
w 1104 1472 1072 1472 0
w 1104 1472 1104 1488 0
t 1072 1504 1104 1504 1 1 -2.1983464380221864 0.6210674417680668 100 default
w 1104 1520 1104 1536 0
w 1104 1536 1184 1536 0
r 1024 1504 1072 1504 0 10000
w 976 1504 1024 1504 0
w 976 1504 976 1568 0
w 976 1568 1136 1568 0
w 1024 1760 976 1760 0
w 976 1664 976 1760 0
w 976 1760 976 1824 0
w 976 1824 1184 1824 0
w 976 1568 976 1632 0
w 976 1632 928 1632 0
w 976 1664 736 1664 0
w 1280 1728 1280 1504 0
w 1280 1504 1280 1456 0
w 1360 1664 1360 1456 0
w 1008 1792 1008 1536 0
w 1008 1536 1008 1456 0
w 1360 1456 1280 1456 0
w 1280 1456 1008 1456 0
w 1072 1728 1072 1472 0
w 1072 1728 1072 1888 0
w 1312 1664 1328 1664 0
w 1328 1664 1328 1888 0
w 1328 1888 1312 1888 0
w 1312 1888 1072 1888 0
w 1360 1744 1360 1888 0
w 1360 1888 1328 1888 0
w 1072 1728 928 1728 0
x 923 1750 963 1753 4 24 gnd
x 921 1528 957 1531 4 24 vcc
x 1171 1422 1223 1425 4 24 XOR
w 1008 1536 928 1536 0
w 704 1472 704 1584 0
w 704 1696 704 1616 0
w 704 1584 752 1584 0
w 704 1616 752 1616 0
r 752 1584 800 1584 0 10000
r 752 1616 800 1616 0 10000
t 800 1584 832 1584 0 1 -5.499999163944666 -0.8891251945656513 100 default
t 800 1616 848 1616 0 1 -4.055207419094545 0.5556665502844689 100 default
w 832 1600 848 1632 0
w 832 1568 832 1552 0
w 848 1600 848 1552 0
w 848 1552 832 1552 0
w 832 1552 720 1552 0
w 848 1632 880 1632 0
r 848 1632 720 1632 0 4700
w 496 1648 496 1456 0
w 544 1456 544 1712 0
r 672 1776 672 1696 0 4700
w 672 1616 640 1616 0
w 672 1632 672 1616 0
t 640 1680 672 1680 0 1 0.5608943368115267 0.5788225888563125 10 default
t 640 1648 672 1648 0 1 -5.34459194394591 -1.3286970513729548 100 default
r 592 1680 640 1680 0 10000
r 592 1648 640 1648 0 10000
w 544 1680 592 1680 0
w 496 1648 592 1648 0
w 672 1696 704 1696 0
r 672 1552 672 1472 0 4700
w 672 1392 640 1392 0
w 672 1408 672 1392 0
t 640 1456 672 1456 0 1 -5.123322401432684 0.18754247109584224 10 default
t 640 1424 672 1424 0 1 -6.812468367201063e-8 0.18913427939035898 100 default
r 592 1456 640 1456 0 10000
r 592 1424 640 1424 0 10000
w 544 1456 592 1456 0
w 544 1424 592 1424 0
w 672 1472 704 1472 0
r 384 1648 432 1648 0 10000
w 464 1680 544 1680 0
w 464 1664 464 1680 0
t 432 1648 464 1648 1 1 -4.998365526202443 0.18754337671445348 100 default
w 464 1616 464 1632 0
w 464 1616 432 1616 0
r 416 1680 464 1680 0 1000
w 368 1680 416 1680 0
w 368 1424 416 1424 0
r 416 1424 464 1424 0 1000
w 464 1360 432 1360 0
w 464 1360 464 1376 0
t 432 1392 464 1392 1 1 -5.3445918950341404 0.1554080518372368 100 default
w 464 1408 464 1424 0
w 464 1424 544 1424 0
r 384 1392 432 1392 0 10000
w 336 1392 384 1392 0
w 336 1392 336 1456 0
w 336 1456 496 1456 0
w 384 1648 336 1648 0
w 336 1552 336 1648 0
w 336 1648 336 1712 0
w 336 1712 544 1712 0
w 336 1456 336 1520 0
w 336 1520 192 1520 0
w 336 1552 208 1552 0
w 640 1616 640 1392 0
w 640 1392 640 1344 0
w 720 1552 720 1344 0
w 368 1680 368 1424 0
w 368 1424 368 1344 0
w 720 1344 640 1344 0
w 640 1344 368 1344 0
w 432 1616 432 1360 0
w 432 1616 432 1776 0
w 672 1552 688 1552 0
w 688 1552 688 1776 0
w 688 1776 672 1776 0
w 672 1776 432 1776 0
w 720 1632 720 1776 0
w 720 1776 688 1776 0
w 432 1616 288 1616 0
w 880 1632 928 1632 0
x 283 1638 323 1641 4 24 gnd
x 281 1416 317 1419 4 24 vcc
x 531 1310 583 1313 4 24 XOR
w 368 1424 288 1424 0
s 96 1520 176 1520 0 1 false
w 0 1280 0 528 0
w -16 1936 -16 1808 0
w 0 1520 0 1280 0
w -16 1184 -16 1808 0
162 2096 1200 2048 1200 2 default-led 1 0 0 0.01
162 2096 1232 2048 1232 2 default-led 1 0 0 0.01
162 2096 1264 2048 1264 2 default-led 1 0 0 0.01
r 1904 1264 1856 1264 0 1500
t 1904 1264 1984 1264 0 1 -4.148882103938836 0.4251061881016041 100 default
r 1904 1312 1856 1312 0 10000
t 1904 1312 1984 1312 0 1 -5.489081926311372 1.3479950869826713e-7 100 default
w 2096 1200 2096 528 0
w 912 528 2096 528 0
w 896 1168 896 1232 0
w 176 1584 176 1232 0
w 176 1232 896 1232 0
w 896 1168 944 1168 0
w 2096 1200 2096 1232 0
w 2096 1232 2096 1264 0
w 2048 1200 1984 1200 0
w 2048 1232 1984 1248 0
w 2048 1264 1984 1296 0
w 1984 1232 1984 1280 0
w 1984 1280 1984 1328 0
w 1984 1328 1984 1360 0
w 1984 1360 1808 1360 0
w 1808 1360 1808 1200 0
w 1808 1200 1216 1200 0
w 1856 992 1856 1216 0
w 1568 1744 1568 1264 0
w 1856 1264 1568 1264 0
w 1856 1312 1856 1920 0
x 61 1556 77 1559 4 24 B
x 59 1508 75 1511 4 24 A
x 59 1593 76 1596 4 24 C
w 176 1584 96 1584 0
