$ 0 0.000005 10.20027730826997 50 5 50 5e-11
x 340 -525 390 -522 4 24 NOT
x 655 -526 705 -523 4 24 AND
t 288 -416 336 -416 1 1 0 0 100 default
t 640 -432 688 -432 0 1 0 0 100 default
t 640 -400 688 -400 0 1 0 0 100 default
r 240 -416 288 -416 0 10000
r 592 -432 640 -432 0 10000
r 592 -400 640 -400 0 10000
w 688 -448 688 -464 0
w 688 -464 672 -464 0
w 688 -384 688 -368 0
w 688 -368 704 -368 0
r 688 -368 624 -368 0 1000
w 624 -368 608 -368 0
w 336 -432 336 -448 0
w 336 -448 256 -448 0
w 336 -400 336 -384 0
r 336 -384 288 -384 0 1000
w 336 -384 368 -384 0
w 288 -384 256 -384 0
x 252 -464 292 -461 4 24 gnd
x 250 -359 286 -356 4 24 vcc
x 343 -358 376 -355 4 24 out
x 580 -344 620 -341 4 24 gnd
x 692 -346 725 -343 4 24 out
x 631 -475 667 -472 4 24 vcc
x 279 1098 312 1101 4 24 out
x 186 1097 222 1100 4 24 vcc
x 188 992 228 995 4 24 gnd
w 224 1072 112 1072 0
w 272 1072 432 1072 0
r 272 1072 224 1072 0 1000
w 272 1056 272 1072 0
w 272 1008 160 1008 0
w 272 1024 272 1008 0
r 176 1040 224 1040 0 10000
t 224 1040 272 1040 1 1 -4.7167845297782405 0.24635067919010697 100 default
x 276 931 326 934 4 24 NOT
x 279 1322 312 1325 4 24 out
x 186 1321 222 1324 4 24 vcc
x 188 1216 228 1219 4 24 gnd
w 224 1296 112 1296 0
w 272 1296 448 1296 0
r 272 1296 224 1296 0 1000
w 272 1280 272 1296 0
w 272 1232 160 1232 0
w 272 1248 272 1232 0
r 176 1264 224 1264 0 10000
t 224 1264 272 1264 1 1 -4.419084473313461 0.17902442368156354 100 default
x 276 1155 326 1158 4 24 NOT
x 1031 -91 1067 -88 4 24 vcc
x 1111 42 1140 45 4 24 B0
x 980 40 1020 43 4 24 gnd
w 1024 16 928 16 0
r 1088 16 1024 16 0 1000
w 1088 16 1344 16 0
w 1088 0 1088 16 0
w 1088 -80 944 -80 0
w 1088 -64 1088 -80 0
r 992 -16 1040 -16 0 10000
r 992 -48 1040 -48 0 10000
t 1040 -16 1088 -16 0 1 0.2605711442207146 0.6295654016700332 100 default
t 1040 -48 1088 -48 0 1 -0.40549890290033996 0.6293080033936644 100 default
x 1055 -142 1105 -139 4 24 AND
x 1055 130 1105 133 4 24 AND
t 1040 224 1088 224 0 1 -0.036864800869306436 0.18103477102775667 100 default
t 1040 256 1088 256 0 1 -4.603076002581415 0.17902431322708073 100 default
r 992 224 1040 224 0 10000
r 992 256 1040 256 0 10000
w 1088 208 1088 192 0
w 1088 192 944 192 0
w 1088 272 1088 288 0
w 1088 288 1328 288 0
r 1088 288 1024 288 0 1000
w 1024 288 928 288 0
x 980 312 1020 315 4 24 gnd
x 1112 312 1141 315 4 24 B1
x 1031 181 1067 184 4 24 vcc
x 1055 418 1105 421 4 24 AND
t 1040 512 1088 512 0 1 -4.753649183494878 -0.13623397146262264 100 default
t 1040 544 1088 544 0 1 0.5689588430505835 0.5868870950590279 100 default
r 992 512 1040 512 0 10000
r 992 544 1040 544 0 10000
w 1088 496 1088 480 0
w 1088 480 944 480 0
w 1088 560 1088 576 0
w 1088 576 1328 576 0
r 1088 576 1024 576 0 1000
w 1024 576 928 576 0
x 980 600 1020 603 4 24 gnd
x 1112 599 1141 602 4 24 B2
x 1031 469 1067 472 4 24 vcc
x 1055 674 1105 677 4 24 AND
t 1040 768 1088 768 0 1 -4.75364919186021 0.1739563809168445 100 default
t 1040 800 1088 800 0 1 0.10662988948481596 0.1790242196513007 100 default
r 992 768 1040 768 0 10000
r 992 800 1040 800 0 10000
w 1088 752 1088 736 0
w 1088 736 944 736 0
w 1088 816 1088 832 0
w 1088 832 1344 832 0
r 1088 832 1024 832 0 1000
w 1024 832 928 832 0
x 980 856 1020 859 4 24 gnd
x 1111 852 1140 855 4 24 B3
x 1031 725 1067 728 4 24 vcc
s -144 1040 -80 1040 0 1 false
s -144 1088 -80 1088 0 1 false
w -80 1040 0 1040 0
w 0 1040 176 1040 0
w 0 1040 0 960 0
w 0 960 512 960 0
w -80 1088 0 1088 0
w 0 1088 0 1200 0
w 0 1264 176 1264 0
w 480 1200 0 1200 0
w 0 1200 0 1264 0
w 992 -48 416 -48 0
w 416 -48 432 1072 0
x -127 1027 -98 1030 4 24 S1
x -126 1076 -97 1079 4 24 S0
w 448 1296 432 -16 0
w 432 -16 992 -16 0
w 432 1072 464 1072 0
w 992 224 464 224 0
w 464 224 464 1072 0
w 480 1200 480 256 0
w 480 256 992 256 0
w 992 512 512 512 0
w 512 512 512 960 0
w 528 544 528 1296 0
w 448 1296 528 1296 0
w 528 544 992 544 0
w 992 768 560 768 0
w 992 800 576 800 0
w 560 768 560 960 0
w 512 960 560 960 0
w 576 800 576 1200 0
w 480 1200 576 1200 0
w 160 1232 160 1008 0
w 160 1008 -256 1008 0
v -256 944 -256 816 0 0 40 5 0 0 0.5
w -256 736 -144 736 0
w -144 736 -144 1040 0
w -144 1040 -144 1088 0
w 944 -80 944 192 0
w 944 480 944 736 0
w 944 192 944 480 0
w 944 -80 -256 -80 0
w -256 736 -256 -80 0
w 928 16 928 288 0
w 928 288 928 576 0
w 928 576 928 832 0
w 928 944 -256 944 0
w -256 944 -256 1008 0
w 928 832 928 944 0
w 112 1296 112 1072 0
w -144 736 112 736 0
w 112 736 112 1072 0
t 1392 304 1440 304 0 1 0.5483282509333132 0.5662565027930646 100 default
t 1392 384 1456 384 0 1 -4.999999836556806 -1.387540059178337 100 default
t 1392 464 1472 464 0 1 -4.635343416574977 -1.022883639196508 100 default
t 1392 528 1488 528 0 1 -0.6437700589893065 -1.3875401179786147 100 default
w 1440 320 1520 320 0
w 1456 400 1520 400 0
w 1472 480 1520 480 0
w 1488 544 1520 544 0
w 1520 320 1520 400 0
w 1520 400 1520 480 0
w 1520 480 1520 544 0
w 1520 320 1584 320 0
x 1554 310 1572 313 4 24 Q
r 1344 304 1392 304 0 10000
r 1328 384 1392 384 0 10000
r 1328 464 1392 464 0 10000
r 1344 528 1392 528 0 10000
w 1344 16 1344 304 0
w 1328 288 1328 384 0
w 1344 528 1344 832 0
w 1328 464 1328 576 0
s -624 752 -528 752 0 1 false
s -624 704 -528 704 0 0 false
s -624 656 -528 656 0 0 false
s -624 608 -528 608 0 1 false
x -587 734 -557 737 4 24 D3
x -589 685 -559 688 4 24 D2
x -584 637 -554 640 4 24 D1
x -584 573 -554 576 4 24 D0
w -528 656 -512 656 0
w -528 704 -496 704 0
w -528 752 -480 752 0
w 1440 288 1440 -112 0
w -528 -112 1440 -112 0
w 1456 368 1456 -128 0
w 1472 448 1472 -144 0
w 1488 512 1488 -160 0
w 1456 -128 -512 -128 0
w 1472 -144 -496 -144 0
w 1488 -160 -480 -160 0
w -528 608 -528 -112 0
w -512 656 -512 -128 0
w -496 704 -496 -144 0
w -480 752 -480 -160 0
w -256 816 -624 816 0
w -624 816 -624 752 0
w -624 752 -624 704 0
w -624 704 -624 656 0
w -624 656 -624 608 0
w -256 736 -256 816 0
162 1584 320 1680 320 2 default-led 1 0 0 0.01
w 1680 320 1680 944 0
w 928 944 1680 944 0
